|   1 |    001 |    001 |
|   2 |    001 |    001 |
|   3 |    001 |    001 |
|   4 |    001 |    002 |
|   5 |    001 |    001 |
|   6 |    001 |    001 |
|   7 |    003 |    003 |
|   8 |    002 |    002 |
|   9 |    001 |    001 |
|  10 |    001 |    002 |
|  11 |    011 |    022 |
|  12 |    001 |    001 |
|  13 |    001 |    001 |
|  14 |    002 |    009 |
|  15 |    001 |    767 |
|  16 |    001 |    005 |
|  17 |    001 |    010 |
|  18 |    001 |    001 |
|  19 |    005 |    027 |
|  20 |    002 |    002 |
|  21 |    001 |    001 |
|  22 |    001 |    009 |
|  23 |    001 |    402 |
|  24 |    001 |    018 |
|  25 |    010 |      - |
